pose_zero:
  position:
    x: 0.45440848348
    y: -1.05610713262e-05
    z: 0.800102131946
  orientation:
    x: 0.707002486076
    y: -8.18104619387e-06
    z: 0.707211060821
    w: 8.24902158862e-06 ]
pose_mitsubishi_zero:
  position:
    x: -0.0500878153901
    y: 1.84917193773e-07
    z: 1.20449425579
  orientation:
    x: -9.09769301826e-06
    y: -2.1567973702e-09
    z: 0.999999999452
    w: 3.18273182965e-05 ]

